49 272
1 1050 477 4
2 950 477 4
3 950 244 2
4 850 244 6
5 197 897 2
6 193 897 8
7 197 794 6
8 193 794 24
9 197 741 2
10 193 741 8
11 453 300 8
12 1050 120 4
13 950 120 4
14 1050 100 4
15 950 100 4
16 897 103 4
17 794 103 12
18 741 103 4
19 197 300 2
20 897 64 8
21 794 64 24
22 197 244 4
23 741 64 8
24 103 300 4
25 447 64 2
26 244 103 2
27 347 65 2
28 347 64 4
29 300 64 8
30 260 64 8
31 990 477 4
32 890 244 4
33 193 897 4
34 193 794 12
35 493 300 4
36 193 741 4
37 990 120 4
38 990 100 4
39 897 103 2
40 300 300 4
41 794 103 6
42 741 103 2
43 897 64 4
44 794 64 12
45 741 64 4
46 300 103 2
47 103 244 2
48 347 64 4
49 300 64 4
